1 1 1 1 1 1 1 0 2 2 2 2 2 2 2 2 2 2 0 3 3 0 4 0 0 5 5 5 5 5 5 0 6 6 6 6 6 6 6 6 6 6 0 0 0 0 7 7 7 0 8 8 8 8 8 0 9 9 9 9 9 9 0 10 10 10 10 0 0 11 11 11 11 11 11 11 11 11 11 11 0 12 12 12 12 0 0 0 0 13 13 0 14 14 14 14 14 14 14 0
1 1 1 1 1 0 0 0 2 0 0 2 2 2 2 2 2 0 17 0 0 4 4 4 0 0 0 5 5 5 0 6 6 6 6 6 6 6 6 6 6 6 6 6 0 0 7 7 7 0 0 8 8 8 0 23 0 9 9 9 9 9 9 0 10 10 10 0 11 11 11 11 11 11 11 11 11 11 11 11 11 0 12 12 0 28 28 0 29 0 0 0 14 14 14 14 14 14 14 14
1 1 1 1 1 1 1 1 0 31 31 0 2 2 2 2 2 0 17 0 4 4 4 4 4 0 35 0 5 5 5 0 6 6 6 6 6 6 6 6 6 6 6 0 7 7 7 7 7 7 7 0 23 23 23 23 23 0 9 9 9 9 0 10 10 10 10 0 0 11 11 11 11 11 11 11 0 11 11 11 0 44 0 0 29 29 29 29 29 0 14 14 14 14 14 14 14 14 14 14
1 1 1 1 1 1 0 0 31 31 31 31 0 0 2 2 0 17 17 17 0 4 4 0 0 35 35 35 0 5 5 5 0 0 6 6 6 6 6 6 6 6 6 0 0 7 7 7 7 7 0 0 23 23 23 23 0 9 9 9 9 9 0 10 10 10 0 58 0 0 11 0 11 11 11 11 11 0 11 0 44 44 44 0 0 29 29 29 0 14 14 14 14 14 14 14 14 14 14 14
1 1 1 1 1 0 31 31 31 31 31 31 31 0 0 0 17 17 17 17 17 0 0 35 35 35 35 35 35 0 5 5 0 69 0 0 0 6 6 6 6 6 6 6 6 0 7 7 7 7 0 72 0 0 23 0 9 9 9 9 9 0 10 10 10 0 58 58 0 0 0 11 11 11 0 11 11 11 0 44 44 44 44 44 0 29 29 29 29 0 14 14 14 14 14 14 14 14 14 0
1 1 1 0 1 1 0 31 31 31 31 31 31 0 17 17 17 17 17 17 0 35 35 35 35 35 35 35 35 35 0 5 0 69 69 69 69 0 6 6 6 6 6 0 0 89 0 7 7 0 72 72 0 0 0 9 9 9 9 9 0 10 10 10 10 0 58 58 58 0 95 0 0 0 11 11 11 0 44 44 44 44 44 0 29 29 29 29 29 29 0 14 14 0 14 14 14 14 14 0
1 1 1 1 0 0 31 31 31 31 31 31 31 0 17 17 17 17 17 0 103 0 35 35 35 35 35 35 35 35 35 0 69 69 69 69 0 106 0 6 0 6 0 89 89 89 89 0 0 72 72 72 72 72 0 9 9 9 9 9 0 10 10 10 0 95 95 95 95 95 95 95 95 0 0 0 0 114 0 44 44 44 0 29 29 29 29 29 29 29 29 0 0 14 14 14 0 14 14 14
1 1 1 0 31 31 31 31 31 31 31 31 0 120 0 17 17 17 0 103 103 103 0 35 35 35 35 35 35 35 0 106 106 106 106 106 106 106 106 0 0 0 89 89 89 89 89 0 72 72 72 72 72 72 72 0 9 9 9 9 9 0 10 10 10 0 0 95 95 95 95 95 0 130 130 0 114 114 114 0 44 44 0 0 29 29 29 29 29 29 29 29 29 0 14 0 14 14 14 0
1 1 0 136 0 31 31 31 31 31 31 0 0 120 0 17 17 0 103 103 103 103 0 35 35 35 35 35 35 0 106 106 106 106 106 106 106 106 106 106 0 0 89 89 0 89 89 0 0 72 72 72 72 72 72 72 0 9 9 9 0 0 10 10 0 0 148 0 95 95 0 95 95 0 0 114 114 114 114 114 0 0 152 0 0 0 29 29 29 29 29 29 29 0 0 154 0 14 0 0
0 0 0 136 136 0 31 31 31 31 0 120 120 120 120 0 0 103 103 0 103 103 103 0 0 35 35 0 35 35 0 0 106 106 106 106 106 106 0 0 0 163 0 0 164 0 0 72 72 72 72 72 72 72 72 72 72 0 9 0 167 167 0 10 0 148 148 148 0 0 170 0 0 0 0 114 114 114 114 114 0 152 152 152 0 173 0 29 29 29 29 29 0 0 154 154 154 0 176 176
176 0 177 0 136 136 0 31 31 31 31 0 120 120 120 0 0 103 103 103 103 103 103 103 103 0 0 182 0 0 106 106 106 106 106 106 0 0 184 0 163 163 163 0 164 0 187 0 72 72 72 72 72 72 72 72 0 0 0 167 167 167 167 0 170 170 170 170 170 170 170 0 0 0 114 114 114 114 114 0 192 0 173 173 173 173 0 0 29 29 0 0 0 0 176 176 176 176 176 176
177 177 177 177 0 136 136 0 31 31 0 120 120 120 0 103 103 103 103 103 103 103 103 103 103 103 0 182 182 0 0 106 106 106 106 0 202 0 184 0 0 187 187 187 187 187 187 187 0 72 72 72 72 0 72 0 0 167 167 167 167 0 0 170 170 170 170 170 170 170 170 0 0 0 0 114 114 114 0 173 173 173 173 173 173 173 173 173 0 0 211 211 0 176 176 176 176 176 176 176
177 177 177 177 177 0 136 136 0 0 120 120 120 120 120 0 103 0 103 103 103 103 103 103 103 0 182 182 0 106 106 106 106 106 0 202 202 202 0 220 0 187 187 187 187 187 187 0 72 72 72 72 72 0 0 0 0 0 167 167 0 224 224 0 170 170 170 170 170 170 170 170 170 0 0 114 114 114 0 173 173 173 173 173 173 173 173 173 0 0 211 211 211 0 176 176 176 176 176 176
177 177 177 177 177 177 0 136 136 136 0 0 120 120 120 120 0 232 0 103 103 103 103 103 0 182 182 182 182 0 106 106 106 106 0 220 220 220 220 220 0 187 187 187 187 187 187 187 0 72 0 72 0 240 240 240 0 0 0 167 0 224 0 170 170 170 170 170 170 170 170 170 170 170 170 0 0 0 173 173 173 173 173 173 173 173 173 173 173 173 0 211 211 211 0 0 176 0 176 176
177 177 177 177 0 0 136 136 0 0 0 120 120 120 120 120 0 232 232 0 103 103 103 0 182 182 182 182 182 182 0 106 106 0 220 220 220 220 220 220 220 0 187 187 187 187 187 187 187 0 0 0 240 240 240 240 240 0 257 0 0 0 170 170 170 170 170 170 170 170 170 0 0 0 0 0 173 173 173 173 173 173 173 173 173 173 173 173 0 0 211 211 211 211 0 261 0 262 0 0
177 177 0 177 0 264 0 136 0 266 0 0 120 120 0 0 232 232 232 232 0 0 0 182 182 182 182 182 182 182 182 0 0 220 220 220 220 220 220 220 220 220 0 187 187 187 187 187 187 0 0 257 257 257 257 257 257 257 257 257 0 273 0 170 0 170 170 170 170 170 170 170 170 0 276 276 0 173 173 173 173 173 173 173 173 173 173 0 0 211 211 211 211 0 262 262 262 262 262 262
177 0 280 0 264 264 264 0 266 266 266 0 0 0 232 232 232 232 232 232 232 0 182 182 0 182 182 182 182 0 0 0 0 220 220 220 220 220 220 220 220 220 0 187 187 187 187 187 0 257 257 257 257 257 257 257 257 257 257 257 0 273 273 0 170 170 170 170 170 170 170 170 0 276 276 276 276 0 173 173 173 173 173 173 173 173 0 0 0 0 0 211 0 262 262 262 262 262 262 262
0 280 280 280 0 266 266 266 266 266 0 0 0 232 232 232 232 232 232 232 0 0 0 182 0 182 182 182 0 299 299 299 299 0 220 220 220 220 220 220 220 220 0 187 187 187 187 187 187 0 257 0 257 257 257 257 257 257 257 0 273 273 273 273 0 170 0 170 0 0 170 0 276 276 276 276 276 276 0 0 173 173 173 173 173 173 0 310 0 311 0 0 262 262 262 262 262 262 262 262
0 0 280 280 280 0 266 266 266 266 0 232 232 232 232 232 232 232 232 0 315 0 0 0 0 0 182 0 299 299 299 299 299 299 0 220 220 220 220 0 220 0 187 187 187 187 187 187 0 0 0 257 257 257 257 257 257 257 257 0 273 273 273 0 0 0 0 0 323 0 0 276 276 276 276 276 276 276 276 276 0 173 0 0 0 0 311 311 311 311 311 0 0 262 0 262 262 262 262 262
280 280 280 280 280 0 266 266 0 266 266 0 315 315 315 315 315 315 315 315 315 315 0 0 0 332 0 299 299 299 299 299 299 299 0 220 220 220 220 220 0 0 187 187 187 0 187 0 337 0 257 257 257 257 257 257 257 257 257 257 0 273 0 340 0 0 0 323 323 323 0 276 276 0 276 276 276 276 276 0 0 0 0 311 311 311 311 311 311 311 311 311 0 0 0 262 262 262 262 262
280 280 280 280 280 280 0 0 346 0 0 315 315 315 315 315 315 315 315 315 315 315 315 0 332 332 0 299 299 299 299 299 299 299 299 0 220 220 220 220 220 220 0 187 0 0 0 337 337 337 0 257 257 257 257 257 257 257 0 0 0 0 340 340 340 0 0 323 323 323 0 0 0 356 0 276 276 276 0 358 0 311 311 311 311 311 311 311 311 311 311 0 0 262 262 262 262 262 262 262
280 280 280 280 280 0 0 346 346 0 315 315 315 315 315 315 315 315 315 315 315 0 0 332 332 0 299 299 299 299 299 299 299 299 299 299 0 0 220 220 220 0 0 187 0 367 0 337 337 337 337 0 257 0 257 257 257 0 371 371 0 340 340 340 0 323 323 323 323 323 323 323 0 356 356 0 276 0 358 358 358 0 311 311 311 311 311 311 311 311 0 262 262 262 262 262 262 262 262 262
280 280 280 280 280 280 0 0 346 346 0 0 315 315 315 315 315 315 315 315 315 0 332 332 332 332 0 299 299 299 299 299 299 299 299 299 299 0 0 220 0 384 384 0 367 367 367 0 337 337 337 337 0 257 257 257 257 0 0 0 0 0 340 340 340 0 356 356 356 356 356 356 356 356 356 356 0 0 358 358 0 311 311 311 311 311 311 311 311 311 311 0 0 262 262 262 262 262 262 262
280 280 280 280 280 280 280 280 0 346 346 346 0 315 315 315 315 315 315 315 315 315 0 332 332 332 332 0 299 299 299 299 299 299 299 299 299 299 0 0 367 367 367 367 367 367 367 367 0 337 337 0 0 257 257 257 0 400 400 400 0 401 0 340 0 356 356 356 356 356 356 356 356 356 356 0 0 404 0 0 311 311 311 311 311 311 311 311 311 0 311 0 262 262 262 262 262 262 262 262
280 280 280 280 280 280 280 0 346 346 346 346 346 0 315 315 315 315 315 0 315 0 0 0 332 0 0 0 299 0 299 299 299 299 299 0 299 0 0 367 367 367 367 367 367 367 367 367 0 337 337 337 0 0 257 0 400 400 400 0 401 401 401 0 356 356 356 356 356 356 356 356 356 356 356 0 404 404 404 0 0 0 311 311 311 311 311 311 0 423 0 0 0 262 0 262 262 262 262 262
280 280 280 280 280 280 0 346 346 346 346 346 0 315 315 315 0 315 0 429 0 0 0 430 0 431 431 431 0 299 299 299 299 299 0 433 0 0 367 367 367 0 367 0 367 367 367 0 437 0 337 0 439 0 0 400 400 400 0 401 401 401 401 401 0 356 356 356 356 356 356 356 356 0 356 0 404 404 404 404 404 0 311 311 311 311 311 0 423 423 0 447 0 0 262 262 262 262 262 262
280 280 280 0 280 0 346 346 346 346 346 346 346 0 315 315 315 0 429 429 429 0 430 430 430 0 0 431 431 0 299 0 299 0 433 433 433 0 0 367 0 459 0 460 0 0 0 0 437 437 0 439 439 439 0 400 400 0 464 0 0 401 401 401 0 0 356 356 356 356 356 356 356 356 356 356 0 404 404 404 404 404 0 0 0 0 311 0 447 447 447 447 0 0 0 262 262 262 262 0
280 280 280 0 0 346 346 346 346 346 346 346 0 0 0 315 0 429 429 429 0 430 430 430 430 430 430 0 431 0 0 476 0 433 433 433 433 433 0 0 460 460 460 460 460 0 0 439 439 439 439 439 439 439 0 400 0 464 464 0 401 401 401 401 401 0 0 356 356 356 356 356 0 356 0 0 404 404 404 404 404 404 404 0 486 486 0 447 447 447 447 447 447 0 0 0 262 0 262 0
280 0 0 490 0 346 346 346 346 346 346 0 492 0 493 0 494 0 429 0 496 0 430 430 430 430 0 0 0 433 433 433 433 433 433 433 433 433 433 0 460 460 460 460 0 0 439 439 439 439 439 439 439 439 439 0 0 401 401 401 401 401 401 401 401 401 0 356 356 356 356 356 356 0 503 0 404 404 404 404 404 404 0 0 0 486 486 0 447 447 447 447 447 447 447 0 0 0 0 507
0 0 490 490 490 0 0 346 346 346 0 494 494 494 494 494 494 494 0 430 430 430 430 430 430 430 0 0 0 0 433 433 433 433 433 0 433 0 0 0 460 460 460 0 439 439 439 439 439 439 439 439 439 439 0 515 515 0 401 401 401 401 401 401 401 0 0 0 356 0 356 356 356 0 503 503 0 404 404 404 404 404 0 0 521 0 447 447 447 447 447 447 447 447 0 523 523 0 507 507
524 524 0 0 0 525 525 0 346 0 494 494 494 494 494 494 494 494 494 0 430 430 430 430 430 430 430 430 0 529 0 433 433 433 433 433 0 460 460 460 460 460 460 460 0 515 515 515 515 515 515 515 515 515 515 515 515 515 0 401 401 401 401 401 401 401 0 0 0 356 356 356 0 503 503 503 503 0 404 0 404 0 447 447 447 447 447 447 447 447 447 447 447 447 0 523 0 540 0 507
524 524 0 525 525 525 525 0 0 494 494 494 494 494 494 494 494 494 0 430 430 430 430 430 430 430 430 0 529 529 0 433 0 433 433 0 0 0 460 460 460 460 460 460 0 515 515 515 515 515 515 515 515 515 515 515 515 0 401 401 401 401 401 401 401 401 401 0 0 0 356 0 503 503 503 0 0 404 404 404 404 0 0 447 447 0 447 447 447 447 447 447 447 447 447 0 540 540 540 0
524 0 525 525 525 525 525 525 525 0 494 494 494 494 494 494 494 0 430 430 430 430 430 430 430 430 430 430 0 529 0 0 433 433 0 562 0 460 460 460 460 0 460 460 0 515 0 515 515 515 515 515 515 515 515 515 0 401 401 401 401 401 401 401 0 401 0 569 569 569 0 503 503 503 503 503 0 0 404 404 0 572 572 0 0 573 0 447 447 447 447 447 447 447 447 447 0 540 540 540
0 525 525 525 525 525 525 525 525 525 0 494 494 494 494 494 0 0 0 430 430 430 430 430 430 430 430 0 578 0 579 0 0 433 0 562 562 0 460 0 0 583 0 0 0 0 0 515 515 515 515 515 515 515 515 515 515 0 401 401 401 401 401 401 401 0 503 503 503 503 503 503 503 503 503 503 503 503 0 0 572 572 572 0 573 573 573 0 447 447 447 447 447 447 447 0 540 540 540 540
0 0 525 525 525 525 525 525 525 525 525 0 494 494 494 0 592 0 593 0 430 0 430 0 430 430 0 579 579 579 579 579 0 0 0 0 562 0 0 583 583 583 583 583 0 0 515 515 515 515 515 515 515 515 515 515 0 401 401 401 401 401 401 401 0 602 0 0 503 503 0 503 503 503 503 503 503 0 572 572 572 0 0 573 573 573 573 573 0 447 0 447 447 447 0 540 540 540 540 540
0 609 0 525 525 525 525 525 525 525 525 525 0 494 0 593 593 593 593 593 0 613 0 0 0 0 579 579 579 579 579 579 579 0 0 615 0 616 0 583 583 583 583 583 0 618 0 515 515 515 515 515 515 515 0 0 0 0 401 401 0 0 401 0 602 602 602 0 503 0 503 503 503 503 503 503 503 503 0 572 0 573 573 573 573 573 573 0 627 0 0 0 447 0 540 540 540 540 540 540
525 525 525 525 525 525 525 525 525 525 0 0 494 494 494 0 593 593 593 593 0 613 613 0 579 579 579 579 579 579 0 0 0 0 0 616 616 616 0 583 583 583 583 583 0 618 0 0 515 515 515 515 515 515 0 638 0 0 0 0 639 0 0 602 602 602 602 602 0 0 0 503 503 503 503 503 503 0 642 0 627 627 627 627 627 627 627 627 627 627 0 0 0 540 540 540 540 0 540 540
525 525 525 525 525 525 525 525 525 525 525 525 0 494 0 0 613 613 613 613 613 613 613 613 0 579 0 579 579 0 650 650 0 616 616 616 616 616 616 0 583 583 0 0 653 0 654 654 0 515 0 515 515 0 638 638 638 0 0 639 639 639 0 602 602 602 602 602 0 660 0 0 0 503 0 503 0 642 642 642 0 0 627 627 627 627 627 627 627 627 627 0 0 540 540 540 0 540 540 540
525 525 525 525 525 525 525 525 525 525 525 0 0 0 0 667 0 613 613 613 613 613 0 0 669 0 670 0 0 650 650 650 650 0 0 616 616 616 616 0 583 0 654 654 654 654 654 654 654 0 0 515 0 638 638 638 0 677 0 639 639 639 0 602 602 602 602 0 660 660 0 681 0 0 682 0 642 642 642 642 642 0 627 627 627 627 627 627 627 627 627 627 627 0 540 0 686 0 540 0
0 0 525 525 525 525 525 525 0 0 0 0 688 0 667 667 667 0 613 613 613 0 691 0 670 670 670 670 0 650 650 650 650 650 650 0 616 616 616 616 0 654 654 654 654 654 654 654 654 654 654 0 0 638 638 0 677 677 677 0 639 0 699 0 602 0 0 701 0 681 681 681 681 0 642 642 642 642 642 642 0 627 627 627 627 627 627 627 627 627 627 627 0 0 0 686 686 686 0 706
706 706 0 0 525 525 525 525 525 0 0 0 667 667 667 667 667 667 0 613 0 670 670 670 670 670 670 670 670 0 650 650 650 0 0 616 616 616 616 616 616 0 654 0 654 654 654 654 654 654 654 654 654 0 0 699 699 699 699 699 699 699 699 699 0 0 701 701 0 681 681 681 0 718 0 642 642 642 642 642 0 627 627 627 627 627 627 627 627 0 0 0 0 0 0 0 706 706 706 706
706 706 0 0 525 0 0 525 0 0 724 0 667 667 667 667 667 667 667 0 0 0 670 670 670 670 0 670 0 0 0 650 0 0 616 616 616 616 616 616 616 616 0 654 654 654 654 654 654 654 654 654 654 654 0 0 699 699 699 699 699 699 699 699 699 0 718 718 718 718 718 718 718 718 718 0 642 642 642 642 0 627 627 627 627 627 627 627 627 627 0 0 0 735 0 736 0 0 706 706
706 0 738 738 0 739 0 0 0 667 667 667 667 667 667 667 667 667 667 667 0 670 670 670 670 670 670 670 670 0 0 0 742 742 0 616 616 0 616 0 616 0 0 654 654 654 654 654 654 654 654 654 654 654 0 699 699 699 699 699 699 699 699 699 0 718 718 718 718 718 718 718 718 718 718 718 0 642 642 0 0 0 627 0 0 627 627 627 627 0 0 0 736 736 736 736 0 753 0 706
0 739 739 739 739 739 739 0 667 667 667 667 667 667 667 667 667 667 667 0 756 0 670 670 670 670 670 670 0 758 0 0 0 742 0 0 616 616 0 761 0 0 654 654 654 654 654 654 0 654 654 0 654 0 699 699 699 699 699 699 699 699 699 699 699 0 718 718 718 718 718 718 718 718 718 0 0 0 642 0 0 0 0 0 0 627 0 627 0 770 0 753 753 753 753 753 753 753 753 0
739 739 739 739 739 739 0 756 756 756 756 756 756 756 756 756 756 756 756 756 756 756 0 758 758 758 758 758 758 758 0 774 774 0 775 0 616 0 761 761 0 0 0 654 654 654 654 654 654 654 654 654 0 779 0 699 699 699 699 699 699 699 699 699 0 718 718 718 718 718 718 718 718 718 718 0 782 0 0 0 783 0 0 0 627 627 627 0 0 770 0 753 753 753 753 753 753 753 0 787
0 739 0 739 739 739 739 0 0 756 756 756 756 756 756 756 756 756 756 756 756 0 758 758 758 758 758 758 758 0 775 775 775 775 775 775 0 0 761 0 793 0 0 0 654 0 654 654 0 654 654 0 0 779 779 0 699 699 699 699 699 699 699 0 718 718 718 718 718 718 718 718 718 718 0 782 782 782 782 0 783 783 0 0 0 627 0 803 803 0 804 0 787 787 787 787 787 787 787 787
805 0 739 739 739 739 739 0 0 756 756 756 756 756 756 756 756 0 756 756 0 0 758 758 758 758 758 758 0 775 775 775 775 775 775 775 775 775 0 0 793 793 0 0 0 654 654 654 0 654 0 779 779 779 0 815 0 699 699 699 699 699 699 0 0 718 718 718 718 718 718 718 718 0 782 782 782 782 0 783 783 783 783 0 820 0 803 803 803 0 804 804 0 787 787 787 787 787 787 787
805 805 0 739 739 739 0 825 825 0 756 756 756 756 756 756 756 756 0 0 827 827 0 758 758 758 758 758 0 0 775 775 775 775 775 775 775 0 0 0 793 793 793 0 831 0 654 0 0 0 815 815 815 815 815 815 0 699 699 699 699 699 699 699 0 0 718 718 718 718 718 718 718 0 783 783 783 783 783 783 783 783 783 0 803 803 803 803 0 804 804 804 804 0 787 787 787 0 787 787
805 805 805 0 739 0 825 825 825 825 0 756 756 756 756 756 756 0 827 827 827 827 827 0 758 758 758 0 0 775 775 775 775 775 775 775 775 775 775 0 0 793 0 831 831 831 0 849 0 0 0 815 815 815 815 815 815 0 0 699 699 699 0 0 0 718 718 718 718 718 718 718 0 783 783 783 783 783 783 783 783 783 783 783 0 803 803 803 0 804 0 804 804 804 0 0 0 857 0 787
805 805 805 0 0 825 825 825 825 0 756 756 756 756 756 756 756 0 827 827 827 827 0 758 758 758 0 0 775 775 775 775 775 775 775 775 775 775 775 775 0 0 849 849 849 849 849 849 849 0 815 815 815 815 815 815 815 815 815 0 699 0 867 867 0 0 718 718 718 718 718 718 0 0 783 783 783 783 783 783 783 783 0 783 0 803 803 803 803 0 804 804 804 0 0 873 0 857 857 0
805 805 0 875 875 0 0 825 0 877 0 756 0 756 756 756 0 827 827 827 827 827 827 0 758 0 0 775 775 775 775 775 775 775 775 775 775 775 775 0 0 0 0 849 849 849 849 849 0 884 0 815 815 815 815 815 815 815 0 0 0 867 867 0 887 0 0 0 718 718 718 718 0 0 783 0 783 783 783 783 783 783 783 0 0 803 803 803 803 803 0 0 0 0 857 857 857 857 857 857
0 0 875 875 875 875 875 0 877 877 877 0 756 756 756 756 756 0 827 827 827 827 827 827 0 896 0 0 775 0 775 775 775 775 775 775 775 775 775 0 899 899 0 0 849 0 849 0 884 884 0 0 815 815 815 815 815 0 904 904 0 867 0 887 887 887 0 0 0 718 718 0 908 908 0 783 783 783 783 783 783 0 0 910 910 0 803 0 803 0 0 0 0 857 857 857 857 857 857 857
913 0 875 875 875 875 875 875 0 877 877 877 0 756 756 756 0 0 0 896 896 896 896 896 896 896 896 0 0 775 775 775 775 775 775 775 775 775 0 899 899 899 0 920 0 921 0 0 884 0 923 923 0 815 0 0 0 904 904 904 904 0 887 887 887 887 887 0 927 0 0 0 908 908 908 0 0 783 783 783 783 0 0 910 910 910 0 0 0 931 931 0 0 0 857 857 857 857 857 857
913 0 875 875 875 875 875 875 875 0 877 877 877 0 756 0 0 896 896 896 896 896 896 896 0 0 0 937 937 0 775 775 775 0 775 0 775 0 899 899 899 899 0 921 921 921 921 921 0 0 923 923 923 0 0 0 904 904 904 904 0 887 887 887 887 887 0 927 927 927 0 908 908 908 908 908 908 0 0 783 0 949 949 0 910 910 0 931 931 931 931 0 0 857 857 857 857 857 857 857
913 913 0 875 875 875 875 875 0 877 877 877 877 877 0 955 0 0 896 896 896 896 896 896 896 0 0 937 0 0 0 775 0 775 775 775 0 899 899 899 899 899 899 0 921 921 921 0 0 0 923 923 923 923 0 904 904 904 904 0 887 887 887 887 887 0 927 927 927 927 927 0 908 908 908 908 0 967 967 0 949 949 949 949 0 0 931 931 931 931 0 857 857 857 857 857 857 857 857 857
913 913 913 0 875 875 875 875 875 0 877 0 955 955 955 955 955 0 0 896 896 896 896 0 0 975 975 0 976 0 977 0 0 775 775 0 899 899 0 899 899 0 0 921 921 0 921 921 0 983 0 923 923 0 904 904 904 904 904 904 0 927 927 927 927 927 927 927 927 927 0 0 908 908 908 0 949 949 949 949 949 949 949 949 949 0 0 931 931 931 931 0 857 0 857 857 857 857 857 857
913 913 0 875 875 875 875 0 0 0 0 955 955 955 955 955 0 994 994 0 896 0 896 0 975 975 0 0 977 977 977 977 977 0 0 0 0 0 999 0 899 0 921 921 0 1002 0 0 983 983 983 0 0 904 904 904 904 904 904 904 904 0 927 927 927 927 927 927 927 927 927 927 0 0 0 1006 0 949 949 949 949 949 949 0 0 1008 1008 0 931 931 931 931 0 0 857 857 857 857 857 857
913 913 913 0 875 875 0 1012 1012 0 955 955 955 955 955 0 994 994 994 0 0 1015 0 975 975 975 975 975 0 977 977 977 977 977 0 999 999 999 999 999 0 0 921 0 983 983 983 983 983 983 983 983 0 0 0 904 904 904 904 904 0 927 927 927 927 927 927 927 927 927 927 927 0 1023 0 1006 1006 0 949 0 949 949 949 0 0 0 0 931 931 931 931 931 931 931 0 857 857 857 857 857
913 913 913 913 0 875 0 1012 1012 1012 0 955 0 955 0 994 994 0 0 975 975 975 975 975 975 975 975 0 977 977 977 977 977 0 999 999 0 999 999 0 1038 1038 0 983 983 983 983 983 983 983 983 983 983 0 904 904 904 904 904 904 904 0 927 927 927 927 927 927 927 927 927 0 1006 1006 1006 1006 1006 1006 0 1043 0 949 0 0 0 931 931 931 931 931 931 931 0 0 857 857 857 857 857 857
913 913 913 913 913 0 1012 1012 1012 1012 1012 0 0 0 994 994 0 975 975 975 975 975 975 975 975 975 0 977 977 977 977 977 0 999 999 999 999 999 999 0 1038 1038 1038 0 983 983 983 983 983 983 983 983 0 0 0 0 904 904 904 904 0 1055 0 927 927 927 927 927 927 927 0 0 0 1043 1043 1043 1043 1043 1043 1043 1043 0 1058 0 0 0 931 931 931 931 931 0 1060 0 857 857 857 857 0 857
913 913 913 913 913 913 0 1012 1012 1012 0 1064 0 994 994 0 975 975 975 975 975 975 975 975 975 0 977 977 977 977 977 0 1038 1038 1038 1038 1038 1038 1038 1038 1038 1038 1038 1038 0 983 983 983 983 983 983 983 983 0 0 904 904 904 0 0 1055 1055 1055 0 927 927 927 927 927 0 1073 0 1058 1058 1058 1058 1058 1058 1058 1058 1058 1058 1058 0 0 0 0 931 931 931 0 0 1060 1060 0 857 857 857 857 857
913 913 913 913 913 0 1012 1012 1012 0 1064 1064 1064 0 994 0 0 975 975 975 975 0 975 975 0 1083 0 977 977 977 977 0 0 1038 1038 1038 1038 1038 1038 1038 1038 1038 1038 1038 0 0 983 983 983 983 983 983 983 983 0 0 904 0 1088 0 1055 1055 1055 1055 0 927 927 927 0 1073 1073 1073 0 1058 1058 1058 1058 1058 1058 1058 1058 1058 1058 1058 1058 1058 0 0 0 0 0 1093 0 0 0 0 857 857 857 0
913 913 913 913 0 1012 1012 1012 0 1064 1064 1064 1064 1064 0 0 0 0 975 0 0 1098 0 0 1083 1083 0 0 977 977 977 977 0 1038 1038 1038 1038 1038 1038 1038 1038 1038 1038 1038 1038 1038 0 983 983 983 983 983 0 0 0 1103 0 1088 1088 1088 0 1055 1055 1055 1055 0 927 0 1073 1073 1073 1073 1073 0 1058 0 0 1058 0 1058 1058 1058 1058 1058 0 0 1111 0 1093 1093 1093 1093 1093 1093 0 0 0 857 0 0
913 913 913 913 0 1012 1012 1012 1012 0 0 1064 1064 1064 1064 1064 0 0 0 1116 0 1083 1083 1083 1083 1083 1083 1083 0 0 977 0 0 0 1038 1038 1038 1038 1038 1038 1038 1038 1038 1038 1038 0 983 983 983 983 983 0 1121 0 1088 1088 1088 1088 1088 1088 0 1055 1055 1055 1055 1055 0 1073 1073 1073 1073 1073 0 1125 0 1126 1126 0 1127 0 1058 1058 1058 0 1111 1111 1111 1111 0 1093 1093 1093 1093 1093 0 0 0 0 0 0
0 913 913 0 1012 1012 1012 1012 1012 0 1132 0 1064 1064 0 0 0 0 0 1083 1083 1083 1083 1083 1083 1083 1083 1083 1083 0 0 0 0 1135 0 1038 1038 1038 1038 1038 1038 1038 1038 1038 0 0 0 983 983 983 0 1088 1088 1088 1088 1088 1088 1088 1088 1088 1088 0 1055 1055 1055 0 0 0 0 1073 1073 0 1127 1127 1127 1127 1127 1127 1127 1127 0 1058 0 1111 1111 1111 1111 1111 1111 0 1093 1093 1093 1093 1093 1093 0 0 0 1145
1145 0 0 0 0 1012 1012 1012 0 1132 1132 1132 0 1064 0 0 0 1083 1083 1083 1083 1083 1083 1083 1083 1083 1083 1083 1083 0 0 0 1135 1135 1135 0 1038 1038 1038 1038 1038 1038 1038 0 0 0 1152 0 0 0 1088 1088 1088 1088 1088 1088 1088 1088 1088 1088 0 1055 1055 1055 0 0 1155 1155 0 1073 0 1127 1127 1127 1127 1127 1127 1127 1127 1127 0 1058 0 1111 1111 0 1111 1111 0 1161 0 1093 1093 1093 1093 1093 0 0 1145 1145
1145 0 1164 0 0 0 1012 0 0 1132 1132 1132 1132 0 1167 0 0 1083 1083 1083 1083 1083 1083 1083 1083 1083 1083 1083 1083 1083 0 1169 0 1135 1135 1135 0 1038 1038 1038 1038 1038 0 0 1172 0 1152 1152 1152 0 0 0 1088 1088 1088 1088 1088 1088 1088 1088 0 0 0 0 0 0 1155 1155 1155 0 1176 0 1127 1127 1127 1127 1127 1127 1127 1127 1127 0 1178 0 0 1179 0 0 1161 1161 1161 0 1093 1093 1093 0 1145 1145 1145 1145
0 0 1164 1164 0 0 0 0 1132 1132 1132 1132 0 1167 1167 1167 0 0 1083 1083 1083 1083 1083 1083 1083 1083 1083 1083 1083 0 1135 1135 1135 1135 1135 0 1187 0 1038 0 1038 0 0 1152 1152 1152 1152 1152 1152 1152 0 1191 0 1088 1088 1088 1088 1088 1088 1088 1088 0 0 0 0 1176 1176 1176 1176 1176 1176 0 1127 1127 1127 1127 1127 1127 1127 1127 0 1178 1178 0 1179 1179 0 1197 0 1161 1161 1161 0 0 0 0 0 1145 1145 1145
1164 1164 1164 1164 1164 0 1167 1167 1167 1167 1167 1167 1167 1167 1167 1167 1167 0 1083 1083 1083 1083 1083 1083 1083 1083 1083 1083 0 0 1187 1187 1187 1187 1187 1187 1187 1187 0 0 0 0 1191 1191 1191 1191 1191 1191 1191 1191 1191 1191 1191 0 1088 1088 1088 1088 0 1088 0 0 1206 0 1207 0 1176 0 1176 1176 0 1210 0 1127 1127 1127 1127 1127 1127 0 1178 1178 1178 0 1161 1161 1161 1161 1161 1161 1161 0 0 0 1214 1214 1214 0 1145 1145
1164 1164 1164 1164 1164 1164 0 1167 1167 1167 1167 1167 1167 1167 1167 0 0 0 0 1083 0 1083 1083 1083 1083 1083 1083 0 1187 1187 1187 1187 1187 1187 1187 1187 1187 1187 1187 0 1220 1220 0 1191 1191 0 1191 1191 1191 1191 1191 1191 1191 1191 0 0 1088 0 0 0 0 1206 1206 0 1207 1207 0 1226 0 1176 0 1210 1210 0 0 1127 1127 1127 0 1230 0 1178 0 1232 0 1161 1161 1161 1161 1161 1161 1161 1161 0 0 1214 0 0 1145 0
1164 1164 1164 1164 1164 1164 1164 0 1167 1167 1167 1167 1167 1167 1167 1167 1167 0 0 0 0 0 1083 1083 1083 1083 0 1187 1187 1187 1187 1187 1187 1187 1187 1187 1187 0 0 1220 1220 1220 1220 0 0 1191 1191 1191 1191 1191 1191 1191 1191 1191 0 1241 0 0 1242 0 0 0 1226 1226 1226 1226 1226 1226 1226 0 1210 1210 1210 0 1245 0 1127 0 1230 1230 1230 0 1161 1161 1161 1161 1161 1161 1161 1161 1161 1161 1161 1161 1161 0 1249 1249 0 1250
1164 1164 1164 1164 1164 1164 0 0 0 1167 1167 1167 1167 1167 1167 1167 1167 1167 0 1252 1252 1252 0 1083 0 1083 0 1187 1187 1187 1187 1187 1187 1187 1187 0 1187 0 1220 1220 1220 1220 0 1191 1191 1191 1191 1191 1191 1191 1191 1191 1191 0 1242 1242 1242 1242 1242 1242 0 1226 1226 1226 1226 1226 1226 1226 0 1245 1245 1245 1245 1245 1245 1245 0 1230 1230 1230 0 1161 1161 1161 1161 1161 1161 1161 1161 1161 1161 1161 0 1161 0 0 1250 1250 1250 1250
1164 1164 1164 1164 1164 0 1266 0 0 0 0 1167 1167 1167 1167 1167 1167 0 1252 1252 1252 1252 1252 0 0 0 1187 1187 1187 1187 1187 1187 1187 1187 1187 1187 0 1220 1220 1220 1220 1220 1220 0 1191 1191 1191 1191 1191 1191 1191 1191 0 1242 1242 0 1242 0 1242 0 1226 1226 1226 0 1226 0 1226 0 1245 1245 1245 1245 1245 1245 1245 1245 1245 0 1230 1230 1230 0 0 1161 1161 1161 1161 1161 1161 1161 1161 1161 1161 1161 1161 1161 0 1250 1250 1250
1164 1164 1164 1164 0 1266 1266 1266 0 1167 1167 1167 1167 1167 1167 1167 0 1252 1252 1252 1252 1252 1252 1252 1252 0 0 1187 1187 1187 1187 1187 1187 1187 1187 1187 1187 0 1220 0 1220 1220 0 0 1191 1191 1191 1191 1191 1191 1191 0 1242 1242 0 1290 0 0 0 0 0 1226 0 1292 0 1293 0 0 0 1245 1245 1245 1245 1245 1245 1245 1245 1245 0 1230 1230 1230 0 1161 1161 1161 1161 1161 1161 1161 1161 1161 1161 0 1161 0 0 1250 1250 1250
1164 1164 1164 0 1266 1266 1266 1266 1266 0 0 1167 0 0 1167 0 1252 1252 1252 1252 1252 1252 1252 1252 1252 1252 1252 0 0 1187 1187 1187 1187 1187 1187 1187 1187 1187 0 1304 0 0 1305 0 1191 1191 1191 1191 1191 1191 1191 0 1242 0 1290 1290 1290 0 0 0 0 0 1293 1293 1293 1293 1293 0 1245 1245 1245 1245 1245 1245 1245 1245 1245 0 1230 1230 1230 1230 1230 0 1161 1161 1161 1161 1161 1161 1161 1161 1161 1161 0 1313 1313 0 1250 1250
1164 0 0 1266 1266 1266 1266 1266 1266 1266 1266 0 0 0 0 1252 1252 1252 1252 1252 1252 1252 1252 1252 1252 0 1252 0 0 1187 1187 1187 1187 1187 1187 1187 1187 0 1304 1304 1304 0 1305 1305 0 1191 0 1191 1191 1191 0 0 1242 0 1290 1290 0 1325 1325 1325 0 1293 1293 1293 1293 1293 0 1245 1245 1245 1245 1245 1245 0 1245 1245 0 0 1230 1230 1230 1230 1230 1230 0 1161 1161 1161 1161 1161 1161 0 1161 0 1313 1313 1313 0 1250 1250
0 0 1266 1266 1266 1266 1266 1266 1266 1266 1266 1266 1266 0 0 0 0 1252 1252 1252 1252 1252 1252 1252 1252 1252 0 0 0 0 1187 0 1187 1187 0 1187 0 1304 1304 1304 1304 1304 0 1305 1305 0 0 0 1191 0 1341 1341 0 0 0 1290 1290 0 1325 1325 1325 0 1293 1293 1293 0 1245 1245 1245 1245 1245 1245 1245 0 1245 0 0 1347 0 1230 1230 1230 1230 0 0 0 1161 0 1161 1161 1161 0 0 1313 1313 1313 1313 1313 0 1250
1352 1352 0 1266 1266 1266 1266 1266 1266 1266 1266 1266 1266 1266 0 1354 1354 0 1252 1252 1252 1252 1252 1252 1252 0 0 0 1356 0 0 0 1187 0 1358 0 1304 1304 1304 1304 1304 1304 1304 0 0 0 1360 1360 0 1341 1341 1341 1341 1341 0 1290 1290 1290 0 1325 0 1293 1293 1293 1293 1293 0 1245 1245 1245 1245 1245 1245 1245 0 0 1347 1347 1347 0 1230 0 0 1368 0 0 0 1161 1161 1161 1161 0 1313 1313 1313 1313 1313 1313 1313 0
1352 1352 1352 0 1266 1266 1266 1266 1266 1266 1266 1266 1266 1266 1266 0 1354 1354 0 0 1252 1252 1252 1252 1252 1252 0 0 1356 1356 1356 0 0 1304 1304 1304 1304 1304 1304 1304 1304 1304 0 0 1376 0 1341 1341 1341 1341 1341 1341 1341 0 1290 1290 1290 0 1379 0 0 1293 1293 1293 1293 1293 1293 0 1245 1245 1245 1245 1245 1245 1245 0 1347 1347 1347 1347 0 1368 1368 1368 1368 0 0 1161 1161 1161 0 1313 1313 1313 1313 1313 1313 1313 1313 0
1352 1352 0 1386 0 1266 1266 1266 1266 1266 1266 1266 1266 1266 0 1354 1354 1354 1354 0 1252 1252 1252 0 1252 0 0 1356 1356 0 1356 0 1393 0 1304 1304 1304 1304 1304 1304 1304 0 0 0 1376 1376 0 0 1341 1341 1341 1341 0 1397 0 1290 0 1379 1379 1379 1379 0 1293 1293 1293 1293 1293 0 0 1245 1245 1245 1245 1245 1245 0 1368 1368 1368 1368 1368 1368 1368 1368 1368 1368 0 0 1161 0 1313 1313 1313 1313 1313 1313 1313 1313 0 0
1352 0 1386 1386 1386 0 0 1266 1266 1266 1266 1266 1266 0 1354 1354 1354 0 0 1408 0 1252 0 0 0 1393 1393 1393 1393 1393 1393 1393 1393 1393 0 0 0 1304 1304 1304 1304 0 1376 1376 1376 1376 1376 1376 0 0 1341 0 1397 1397 1397 0 1379 1379 1379 1379 0 0 1293 0 1293 0 1293 0 0 1245 1245 1245 1245 0 0 0 1368 1368 1368 1368 1368 1368 1368 1368 1368 0 1421 1421 0 0 0 1313 1313 1313 1313 1313 1313 0 1423 1423
1352 0 0 1386 1386 1386 1386 0 0 1266 0 1266 0 1354 1354 1354 0 1428 0 1408 1408 0 1430 0 1431 0 1393 1393 1393 1393 1393 1393 1393 1393 1393 1393 1393 0 1304 0 1304 0 0 1376 1376 1376 1376 1376 0 0 0 1379 1379 1379 1379 1379 1379 1379 1379 0 1437 1437 0 1438 0 1439 0 1440 1440 0 1245 1245 0 0 0 0 1368 0 0 1368 1368 1368 1368 1368 0 1421 1421 1421 0 0 0 0 1313 1313 1313 1313 1313 0 1423 1423
0 1386 1386 1386 1386 1386 1386 1386 1386 0 0 0 1447 0 1354 0 1428 1428 1428 0 1430 1430 1430 0 1393 1393 1393 1393 1393 1393 1393 1393 1393 1393 1393 1393 1393 1393 0 0 0 0 1376 1376 1376 1376 1376 1376 1376 1376 0 0 1379 1379 1379 1379 1379 1379 1379 1379 0 1438 1438 1438 0 1440 1440 1440 1440 1440 0 1245 0 0 1457 0 0 0 1368 1368 1368 1368 1368 1368 0 0 0 0 1459 1459 0 1313 1313 1313 1313 1313 0 1423 1423 1423
1461 0 1386 1386 1386 1386 1386 1386 1386 1386 0 1447 1447 1447 0 1428 1428 1428 1428 1428 0 1430 0 1466 0 0 1393 1393 1393 1393 1393 1393 1393 1393 1393 1393 1393 0 0 0 1376 1376 1376 1376 1376 1376 1376 1376 1376 0 0 1379 1379 1379 1379 1379 1379 1379 1379 1379 1379 0 0 0 1440 1440 1440 1440 1440 1440 1440 0 0 0 1457 1457 0 1368 1368 1368 1368 1368 1368 0 1459 1459 1459 1459 1459 1459 1459 0 1313 0 1313 0 1423 1423 1423 1423
1461 1461 0 1386 1386 1386 1386 1386 1386 0 1447 1447 1447 0 0 1428 1428 1428 1428 0 0 1430 0 1466 0 1482 0 1393 1393 1393 1393 1393 1393 1393 1393 1393 0 0 0 1376 1376 1376 1376 1376 1376 1376 1376 1376 1376 0 1485 0 1379 1379 1379 1379 1379 1379 1379 0 0 0 1440 1440 1440 1440 1440 1440 1440 1440 1440 1440 1440 0 1457 0 0 0 1368 0 1368 0 0 1491 0 1459 1459 1459 1459 1459 1459 1459 0 1493 0 0 0 1423 1423 1423
1461 0 1495 0 1386 1386 1386 1386 0 1447 1447 1447 0 1428 1428 1428 1428 1428 1428 1428 1428 0 1482 1482 1482 1482 1482 0 1393 1393 1393 1393 1393 1393 1393 1393 1393 0 1376 1376 0 1376 1376 1376 1376 1376 1376 1376 1376 0 1485 1485 0 1379 0 0 1379 1379 1379 0 1506 1506 0 0 1440 1440 1440 1440 1440 1440 1440 1440 0 1457 1457 1457 0 0 0 1509 0 0 1459 1459 1459 1459 1459 1459 1459 1459 1459 1459 0 1493 0 1512 0 1423 1423 1423
0 1495 1495 1495 0 0 0 0 0 1447 1447 0 1428 1428 1428 1428 1428 1428 1428 1428 0 1482 1482 1482 1482 1482 0 0 0 1393 1393 1393 0 1393 1393 1393 0 1519 0 0 1376 1376 1376 1376 1376 1376 1376 1376 1376 1376 0 1485 1485 0 1522 0 0 1379 0 1506 1506 1506 0 1440 1440 1440 1440 1440 1440 1440 1440 0 1457 1457 1457 1457 1457 0 1509 1509 1509 1509 0 0 1459 1459 1459 1459 1459 1459 1459 1459 1459 0 1512 1512 1512 0 1423 1423
1495 1495 1495 1495 1495 0 1531 1531 1531 0 0 1428 1428 1428 1428 1428 1428 1428 1428 0 1482 1482 1482 1482 1482 1482 1482 0 1393 1393 1393 1393 1393 0 1393 0 1519 1519 1519 1519 0 1376 1376 1376 1376 1376 1376 1376 1376 0 1522 1522 1522 1522 1522 1522 1522 0 0 1506 1506 1506 0 1440 1440 1440 1440 1440 1440 1440 1440 0 1457 1457 1457 1457 1457 1457 0 1509 1509 0 1459 1459 1459 1459 1459 1459 1459 1459 1459 1459 1459 1459 0 1512 0 1545 0 1423
1495 1495 1495 1495 1495 0 1531 1531 1531 1531 0 0 1428 1428 1428 1428 1428 1428 1428 0 1482 1482 1482 1482 1482 1482 1482 1482 0 0 1393 1393 0 1551 0 1519 1519 1519 1519 1519 1519 0 1376 0 1376 1376 1376 1376 0 1522 1522 1522 1522 1522 1522 1522 1522 1522 1522 0 1506 0 1557 0 1440 1440 1440 1440 1440 1440 1440 1440 0 1457 1457 1457 1457 1457 1457 0 1509 1509 0 0 1459 1459 1459 1459 1459 1459 1459 1459 1459 0 1545 1545 1545 1545 0 1423
1495 1495 1495 1495 1495 1495 0 1531 1531 0 1565 0 1428 1428 1428 1428 1428 1428 0 1482 1482 1482 1482 1482 1482 1482 1482 1482 1482 1482 0 0 1551 1551 0 0 1519 1519 1519 0 1519 1519 0 1571 0 1376 1376 0 0 1522 1522 1522 1522 1522 1522 1522 1522 1522 0 0 0 1557 1557 0 1440 1440 1440 1440 1440 0 0 0 1457 1457 1457 1457 1457 0 0 1509 1509 1509 1509 0 0 1459 1459 1459 1459 1459 0 1459 0 1545 1545 1545 1545 1545 1545 0
1531 1531 1531 1531 1531 1531 1531 1531 0 1565 1565 1565 0 1428 0 1428 1428 1428 0 1482 1482 1482 1482 1482 1482 1482 1482 1482 1482 1482 1482 0 1551 0 1586 1586 0 1519 0 1519 1519 0 1571 1571 0 1376 0 0 1522 1522 1522 1522 1522 1522 1522 1522 1522 1522 1522 0 1557 1557 1557 1557 0 1440 1440 1440 1440 1440 0 1457 1457 1457 1457 0 1457 0 0 0 1509 1509 0 1597 0 0 1459 1459 1459 0 0 0 1545 1545 1545 1545 1545 0 0 0
1531 1531 1531 1531 1531 1531 1531 0 1565 1565 1565 1565 1565 0 1428 1428 1428 1428 0 1482 1482 1482 1482 1482 1482 1482 1482 1482 1482 1482 0 1586 1586 1586 1586 1586 1586 0 0 0 1519 0 1571 1571 1571 0 1606 1606 0 1522 1522 1522 1522 1522 1522 1522 1522 1522 0 1557 1557 1557 1557 1557 1557 0 1440 0 1440 0 0 1457 1457 1457 1457 1457 0 1612 0 1613 0 1509 0 1597 1597 1597 0 1459 0 1617 1617 0 1545 1545 1545 1545 0 1619 0 1620
1531 1531 1531 1531 1531 0 0 1565 1565 1565 1565 1565 1565 1565 0 1428 0 1428 1428 0 1482 1482 0 1482 1482 1482 1482 1482 1482 0 1586 1586 1586 1586 1586 1586 1586 1586 0 0 0 1606 1606 1606 1606 1606 1606 1606 0 1522 0 1522 1522 1522 1522 1522 1522 0 1557 1557 1557 1557 1557 0 1557 0 0 1632 0 1633 1633 0 1457 0 1457 0 1613 1613 1613 1613 1613 0 1597 1597 1597 1597 1597 0 1617 1617 0 1639 0 0 0 0 1620 1620 1620 1620
1531 0 1531 1531 0 1565 1565 1565 1565 1565 1565 1565 1565 1565 0 1428 0 1428 1428 1428 0 0 0 0 1482 1482 1482 1482 0 1586 1586 1586 1586 1586 1586 1586 0 0 1647 0 1606 1606 1606 1606 1606 1606 1606 0 0 0 1522 1522 1522 0 1522 0 0 1557 1557 1557 1557 1557 1557 1557 0 1632 1632 1632 0 1633 0 1654 0 1655 0 1613 1613 1613 1613 1613 0 1617 1617 1617 1617 1617 1617 1617 1617 0 1639 1639 1639 1639 1639 0 1620 1620 1620 1620
0 1531 1531 1531 0 0 1565 1565 1565 1565 1565 1565 1565 1565 1565 0 1428 1428 0 0 0 1662 0 0 0 1482 0 0 1647 1647 1647 1647 1647 1647 1647 1647 1647 1647 1647 1647 0 1606 1606 1606 1606 1606 0 1666 0 0 0 1522 0 0 0 1557 1557 1557 1557 1557 1557 1557 1557 1557 0 1632 1632 0 1670 0 1613 1613 1613 1613 1613 1613 1613 1613 1613 0 1617 1617 1617 1617 1617 1617 1617 1617 0 1673 0 1639 0 1639 1639 1639 0 1620 1620 1620
0 0 1531 1531 1531 0 0 1565 1565 1565 1565 1565 1565 1565 1565 1565 0 1428 0 1662 1662 1662 1662 0 0 0 1647 1647 1647 1647 1647 1647 1647 1647 1647 1647 1647 1647 1647 0 1681 0 1606 1606 1606 0 1666 1666 1666 0 0 0 0 0 1557 1557 1557 1557 1557 1557 1557 1557 1557 0 1632 1632 0 0 1670 0 0 1613 0 1613 1613 1613 1613 1613 1613 0 1617 1617 1617 1617 1617 1617 1617 0 1639 1639 1639 1639 1639 1639 1639 1639 0 0 1620 1620
0 1691 0 1531 0 1693 1693 0 0 0 1565 1565 1565 1565 1565 1565 1565 0 1662 1662 1662 1662 1662 1662 0 0 1647 0 1647 1647 1647 1647 1647 1647 1647 1647 1647 1647 0 1681 1681 1681 0 1606 1606 0 1666 1666 1666 1666 0 0 0 1701 0 0 1557 1557 1557 1557 1557 1557 0 0 0 0 1670 1670 1670 1670 0 0 0 1613 1613 1613 1613 1613 1613 1613 0 1617 1617 1617 1617 1617 0 1639 1639 1639 1639 1639 1639 1639 1639 1639 1639 1639 0 1620
0 1691 1691 0 1693 1693 1693 1693 1693 0 1565 1565 1565 1565 1565 1565 0 1662 1662 1662 1662 1662 1662 0 1711 1711 0 1647 1647 1647 1647 1647 1647 1647 1647 1647 1647 1647 1647 0 1681 1681 1681 0 0 1666 1666 1666 1666 1666 0 1701 1701 1701 1701 0 1557 1557 1557 0 0 0 1717 0 1718 0 1670 1670 1670 1670 1670 0 1613 1613 1613 1613 1613 1613 1613 0 1617 1617 1617 1617 1617 0 0 1639 1639 1639 1639 1639 1639 1639 1639 1639 1639 0 1620 1620
1693 1693 1693 1693 1693 1693 1693 1693 1693 0 1565 1565 0 0 0 0 1662 1662 1662 1662 1662 1662 0 1711 1711 1711 1711 0 1647 1647 1647 1647 1647 1647 1647 1647 1647 1647 0 1681 1681 1681 1681 0 1666 1666 1666 1666 1666 1666 1666 0 1701 1701 1701 1701 0 1557 0 1718 1718 1718 1718 1718 1718 1718 0 1670 1670 1670 1670 0 1613 1613 1613 1613 1613 1613 1613 1613 0 1617 1617 1617 0 1639 1639 1639 1639 1639 1639 1639 1639 1639 1639 1639 1639 1639 0 0
0 1693 1693 1693 1693 1693 1693 1693 1693 1693 0 1565 0 1738 1738 0 1662 1662 1662 1662 1662 0 1711 1711 1711 1711 1711 0 1647 0 1647 1647 1647 1647 1647 1647 0 0 1681 1681 1681 1681 1681 1681 0 1666 1666 1666 1666 1666 1666 0 1701 1701 1701 1701 1701 0 1718 1718 1718 1718 1718 1718 1718 0 1670 1670 1670 1670 1670 1670 0 1613 1613 1613 1613 1613 1613 1613 1613 0 1617 1617 1617 0 1639 1639 1639 1639 1639 1639 1639 1639 1639 1639 1639 1639 1639 1639
